          0 ;  -1.409e-09
    0.01001 ;  -1.062e-09
    0.02002 ;  -8.173e-10
    0.03002 ;  -5.449e-10
    0.04003 ;    -3.1e-10
    0.05004 ;  -6.576e-11
    0.06005 ;   1.033e-10
    0.07005 ;   2.443e-10
    0.08006 ;   4.134e-10
    0.09007 ;   5.449e-10
     0.1001 ;   6.106e-10
     0.1101 ;   7.422e-10
     0.1201 ;   8.079e-10
     0.1301 ;   8.925e-10
     0.1401 ;   9.113e-10
     0.1501 ;   1.015e-09
     0.1601 ;   1.062e-09
     0.1701 ;   1.118e-09
     0.1801 ;   1.174e-09
     0.1901 ;   1.221e-09
     0.2002 ;   1.268e-09
     0.2102 ;   1.296e-09
     0.2202 ;   1.353e-09
     0.2302 ;   1.362e-09
     0.2402 ;   1.419e-09
     0.2502 ;   1.447e-09
     0.2602 ;   1.447e-09
     0.2702 ;   1.419e-09
     0.2802 ;   1.484e-09
     0.2902 ;   1.512e-09
     0.3002 ;    1.55e-09
     0.3102 ;   1.606e-09
     0.3202 ;   1.606e-09
     0.3303 ;     1.7e-09
     0.3403 ;   1.776e-09
     0.3503 ;   1.794e-09
     0.3603 ;   1.851e-09
     0.3703 ;   1.926e-09
     0.3803 ;    2.01e-09
     0.3903 ;   2.123e-09
     0.4003 ;   2.151e-09
     0.4103 ;    2.17e-09
     0.4203 ;   2.198e-09
     0.4303 ;   2.245e-09
     0.4403 ;   2.302e-09
     0.4503 ;   2.292e-09
     0.4604 ;   2.349e-09
     0.4704 ;   2.377e-09
     0.4804 ;   2.349e-09
     0.4904 ;   2.405e-09
     0.5004 ;   2.443e-09
     0.4904 ;   2.414e-09
     0.4804 ;    2.49e-09
     0.4704 ;   2.471e-09
     0.4604 ;   2.471e-09
     0.4503 ;   2.508e-09
     0.4403 ;   2.527e-09
     0.4303 ;   2.555e-09
     0.4203 ;   2.546e-09
     0.4103 ;   2.546e-09
     0.4003 ;   2.527e-09
     0.3903 ;   2.555e-09
     0.3803 ;   2.536e-09
     0.3703 ;   2.555e-09
     0.3603 ;   2.555e-09
     0.3503 ;   2.583e-09
     0.3403 ;   2.555e-09
     0.3303 ;   2.602e-09
     0.3202 ;   2.583e-09
     0.3102 ;   2.565e-09
     0.3002 ;   2.593e-09
     0.2902 ;   2.555e-09
     0.2802 ;    2.63e-09
     0.2702 ;   2.536e-09
     0.2602 ;   2.593e-09
     0.2502 ;   2.555e-09
     0.2402 ;   2.555e-09
     0.2302 ;   2.555e-09
     0.2202 ;   2.546e-09
     0.2102 ;   2.565e-09
     0.2002 ;   2.518e-09
     0.1901 ;   2.527e-09
     0.1801 ;   2.518e-09
     0.1701 ;   2.518e-09
     0.1601 ;    2.48e-09
     0.1501 ;    2.49e-09
     0.1401 ;   2.461e-09
     0.1301 ;   2.499e-09
     0.1201 ;   2.424e-09
     0.1101 ;   2.396e-09
     0.1001 ;   2.349e-09
    0.09007 ;   2.264e-09
    0.08006 ;   2.198e-09
    0.07005 ;   2.086e-09
    0.06005 ;   1.935e-09
    0.05004 ;   1.794e-09
    0.04003 ;   1.625e-09
    0.03002 ;   1.381e-09
    0.02002 ;   1.202e-09
    0.01001 ;    9.77e-10
          0 ;   6.952e-10
   -0.01001 ;   4.509e-10
   -0.02002 ;   2.349e-10
   -0.03002 ;   1.879e-11
   -0.04003 ;  -1.785e-10
   -0.05004 ;  -3.382e-10
   -0.06005 ;  -5.355e-10
   -0.07005 ;  -6.106e-10
   -0.08006 ;  -7.422e-10
   -0.09007 ;  -7.703e-10
    -0.1001 ;  -8.737e-10
    -0.1101 ;  -9.207e-10
    -0.1201 ;    -9.3e-10
    -0.1301 ;  -9.488e-10
    -0.1401 ;  -9.394e-10
    -0.1501 ;  -8.925e-10
    -0.1601 ;  -9.113e-10
    -0.1701 ;  -8.361e-10
    -0.1801 ;  -8.361e-10
    -0.1901 ;  -7.703e-10
    -0.2002 ;  -7.328e-10
    -0.2102 ;  -6.764e-10
    -0.2202 ;  -5.918e-10
    -0.2302 ;  -5.449e-10
    -0.2402 ;  -4.979e-10
    -0.2502 ;  -4.134e-10
    -0.2602 ;  -3.194e-10
    -0.2702 ;  -3.006e-10
    -0.2802 ;  -2.255e-10
    -0.2902 ;  -1.879e-10
    -0.3002 ;  -1.409e-10
    -0.3102 ;  -1.221e-10
    -0.3202 ;  -7.516e-11
    -0.3303 ;  -1.879e-11
    -0.3403 ;   2.818e-11
    -0.3503 ;   7.516e-11
    -0.3603 ;   1.221e-10
    -0.3703 ;   1.691e-10
    -0.3803 ;   1.973e-10
    -0.3903 ;   2.818e-10
    -0.4003 ;   3.852e-10
    -0.4103 ;   3.946e-10
    -0.4203 ;   4.791e-10
    -0.4303 ;   5.449e-10
    -0.4403 ;   5.637e-10
    -0.4503 ;   6.106e-10
    -0.4604 ;   6.576e-10
    -0.4704 ;    6.67e-10
    -0.4804 ;   6.858e-10
    -0.4904 ;   7.046e-10
    -0.5004 ;    6.67e-10
    -0.4904 ;   6.858e-10
    -0.4804 ;   7.328e-10
    -0.4704 ;   8.361e-10
    -0.4604 ;   9.582e-10
    -0.4503 ;   1.071e-09
    -0.4403 ;   1.174e-09
    -0.4303 ;   1.315e-09
    -0.4203 ;   1.381e-09
    -0.4103 ;   1.456e-09
    -0.4003 ;   1.569e-09
    -0.3903 ;   1.635e-09
    -0.3803 ;   1.663e-09
    -0.3703 ;   1.738e-09
    -0.3603 ;   1.794e-09
    -0.3503 ;   1.851e-09
    -0.3403 ;   1.916e-09
    -0.3303 ;   1.954e-09
    -0.3202 ;   2.001e-09
    -0.3102 ;   2.029e-09
    -0.3002 ;   2.114e-09
    -0.2902 ;   2.189e-09
    -0.2802 ;   2.273e-09
    -0.2702 ;   2.349e-09
    -0.2602 ;   2.471e-09
    -0.2502 ;   2.536e-09
    -0.2402 ;    2.64e-09
    -0.2302 ;   2.715e-09
    -0.2202 ;     2.8e-09
    -0.2102 ;   2.856e-09
    -0.2002 ;   2.969e-09
    -0.1901 ;   3.063e-09
    -0.1801 ;   3.138e-09
    -0.1701 ;   3.185e-09
    -0.1601 ;   3.297e-09
    -0.1501 ;   3.326e-09
    -0.1401 ;   3.391e-09
    -0.1301 ;   3.514e-09
    -0.1201 ;    3.57e-09
    -0.1101 ;   3.683e-09
    -0.1001 ;   3.777e-09
   -0.09007 ;    3.87e-09
   -0.08006 ;    4.03e-09
   -0.07005 ;   4.199e-09
   -0.06005 ;   4.312e-09
   -0.05004 ;   4.556e-09
   -0.04003 ;   4.754e-09
   -0.03002 ;    4.97e-09
   -0.02002 ;   5.214e-09
   -0.01001 ;   5.439e-09
          0 ;   5.787e-09
