          0      -1.09e-09
    0.01001     -6.576e-10
    0.02002     -2.255e-10
    0.03002      1.033e-10
    0.04003      3.852e-10
    0.05004      6.388e-10
    0.06005       1.08e-09
    0.07005      1.372e-09
    0.08006      1.616e-09
    0.09007      1.823e-09
     0.1001      1.954e-09
     0.1101      2.086e-09
     0.1201       2.18e-09
     0.1301      2.226e-09
     0.1401      2.264e-09
     0.1501       2.32e-09
     0.1601      2.386e-09
     0.1701      2.386e-09
     0.1801      2.443e-09
     0.1901      2.471e-09
     0.2002       2.63e-09
     0.2102      2.818e-09
     0.2202      3.016e-09
     0.2302      3.269e-09
     0.2402       3.57e-09
     0.2502      3.805e-09
     0.2602       4.04e-09
     0.2702      4.246e-09
     0.2802        4.5e-09
     0.2902      4.744e-09
     0.3002      4.913e-09
     0.3102      4.979e-09
     0.3202      5.355e-09
     0.3303      5.684e-09
     0.3403      5.881e-09
     0.3503      6.059e-09
     0.3603       6.21e-09
     0.3703      6.482e-09
     0.3803      6.726e-09
     0.3903      6.989e-09
     0.4003      7.177e-09
     0.4103      7.365e-09
     0.4203      7.478e-09
     0.4303      7.581e-09
     0.4403      7.638e-09
     0.4503      7.788e-09
     0.4604      7.985e-09
     0.4704      8.051e-09
     0.4804      7.685e-09
     0.4904      7.375e-09
     0.5004      7.196e-09
     0.4904       7.13e-09
     0.4804      7.187e-09
     0.4704      7.252e-09
     0.4604      7.224e-09
     0.4503      8.727e-09
     0.4403      8.887e-09
     0.4303      8.887e-09
     0.4203      8.906e-09
     0.4103      8.915e-09
     0.4003      8.878e-09
     0.3903      8.737e-09
     0.3803      7.112e-09
     0.3703      6.792e-09
     0.3603       6.51e-09
     0.3503      6.294e-09
     0.3403      5.956e-09
     0.3303      5.702e-09
     0.3202      5.468e-09
     0.3102      5.195e-09
     0.3002      5.148e-09
     0.2902      4.801e-09
     0.2802        4.5e-09
     0.2702      4.209e-09
     0.2602       4.04e-09
     0.2502      3.842e-09
     0.2402      3.551e-09
     0.2302      3.344e-09
     0.2202      3.006e-09
     0.2102      2.818e-09
     0.2002      2.649e-09
     0.1901      2.508e-09
     0.1801       2.49e-09
     0.1701      2.264e-09
     0.1601       2.01e-09
     0.1501      1.907e-09
     0.1401      1.804e-09
     0.1301      1.644e-09
     0.1201      1.522e-09
     0.1101      1.559e-09
     0.1001      1.419e-09
    0.09007      1.259e-09
    0.08006      1.127e-09
    0.07005      9.488e-10
    0.06005      8.173e-10
    0.05004      6.012e-10
    0.04003      3.758e-10
    0.03002      2.818e-11
    0.02002     -3.382e-10
    0.01001     -8.455e-10
          0     -1.362e-09
   -0.01001     -1.785e-09
   -0.02002     -2.217e-09
   -0.03002      -2.64e-09
   -0.04003     -3.034e-09
   -0.05004     -3.354e-09
   -0.06005     -3.504e-09
   -0.07005     -3.993e-09
   -0.08006      -4.35e-09
   -0.09007     -4.613e-09
    -0.1001     -4.782e-09
    -0.1101     -5.007e-09
    -0.1201     -5.289e-09
    -0.1301     -5.552e-09
    -0.1401     -5.759e-09
    -0.1501     -5.918e-09
    -0.1601     -6.088e-09
    -0.1701     -6.135e-09
    -0.1801     -6.172e-09
    -0.1901     -6.407e-09
    -0.2002     -6.539e-09
    -0.2102     -6.595e-09
    -0.2202     -6.679e-09
    -0.2302     -6.745e-09
    -0.2402     -6.764e-09
    -0.2502     -6.773e-09
    -0.2602     -6.764e-09
    -0.2702     -6.736e-09
    -0.2802     -6.698e-09
    -0.2902     -6.642e-09
    -0.3002     -6.632e-09
    -0.3102     -6.642e-09
    -0.3202     -6.539e-09
    -0.3303      -6.36e-09
    -0.3403     -6.135e-09
    -0.3503     -5.853e-09
    -0.3603      -5.59e-09
    -0.3703     -5.374e-09
    -0.3803     -5.139e-09
    -0.3903     -4.866e-09
    -0.4003      -4.66e-09
    -0.4103     -4.556e-09
    -0.4203     -4.321e-09
    -0.4303     -3.927e-09
    -0.4403     -3.664e-09
    -0.4503     -3.495e-09
    -0.4604     -3.335e-09
    -0.4704     -3.072e-09
    -0.4804      -2.79e-09
    -0.4904     -2.593e-09
    -0.5004     -2.414e-09
    -0.4904     -2.245e-09
    -0.4804     -2.133e-09
    -0.4704     -2.076e-09
    -0.4604     -1.832e-09
    -0.4503     -1.625e-09
    -0.4403     -1.578e-09
    -0.4303     -1.447e-09
    -0.4203     -1.343e-09
    -0.4103     -1.325e-09
    -0.4003     -1.296e-09
    -0.3903     -1.306e-09
    -0.3803     -1.278e-09
    -0.3703     -1.231e-09
    -0.3603     -1.259e-09
    -0.3503      -1.24e-09
    -0.3403     -1.231e-09
    -0.3303     -1.184e-09
    -0.3202     -1.062e-09
    -0.3102     -8.549e-10
    -0.3002     -5.918e-10
    -0.2902     -3.006e-10
    -0.2802     -1.221e-10
    -0.2702      2.818e-11
    -0.2602      2.443e-10
    -0.2502      4.321e-10
    -0.2402      4.321e-10
    -0.2302      7.703e-10
    -0.2202      1.071e-09
    -0.2102      1.249e-09
    -0.2002      1.372e-09
    -0.1901      1.531e-09
    -0.1801      1.757e-09
    -0.1701      2.029e-09
    -0.1601      2.226e-09
    -0.1501      2.386e-09
    -0.1401      2.565e-09
    -0.1301      2.612e-09
    -0.1201      2.659e-09
    -0.1101      2.959e-09
    -0.1001      3.157e-09
   -0.09007      3.222e-09
   -0.08006      3.373e-09
   -0.07005      3.542e-09
   -0.06005      3.692e-09
   -0.05004      3.861e-09
   -0.04003      4.049e-09
   -0.03002      4.274e-09
   -0.02002      4.547e-09
   -0.01001      4.848e-09
          0      5.092e-09
