          0      3.175e-09
    0.01001      3.157e-09
    0.02002      3.288e-09
    0.03002       3.42e-09
    0.04003      3.391e-09
    0.05004      3.457e-09
    0.06005      3.194e-09
    0.07005      3.175e-09
    0.08006      3.072e-09
    0.09007      2.997e-09
     0.1001      2.903e-09
     0.1101      2.959e-09
     0.1201      2.893e-09
     0.1301      2.659e-09
     0.1401      2.527e-09
     0.1501      2.452e-09
     0.1601      2.396e-09
     0.1701      2.367e-09
     0.1801      2.292e-09
     0.1901      2.245e-09
     0.2002      2.226e-09
     0.2102      2.133e-09
     0.2202      2.076e-09
     0.2302      2.067e-09
     0.2402      2.001e-09
     0.2502      1.992e-09
     0.2602      1.888e-09
     0.2702      1.738e-09
     0.2802      1.522e-09
     0.2902      1.353e-09
     0.3002      1.174e-09
     0.3102      8.737e-10
     0.3202      6.388e-10
     0.3303      3.852e-10
     0.3403      2.255e-10
     0.3503      4.697e-11
     0.3603     -2.443e-10
     0.3703     -4.321e-10
     0.3803     -4.791e-10
     0.3903     -6.858e-10
     0.4003     -1.043e-09
     0.4103     -1.278e-09
     0.4203     -1.447e-09
     0.4303     -1.597e-09
     0.4403     -1.841e-09
     0.4503     -2.114e-09
     0.4604     -2.358e-09
     0.4704     -2.555e-09
     0.4804     -2.724e-09
     0.4904     -2.884e-09
     0.5004     -2.978e-09
     0.4904     -3.063e-09
     0.4804     -3.147e-09
     0.4704     -3.401e-09
     0.4604     -3.617e-09
     0.4503     -3.654e-09
     0.4403     -3.739e-09
     0.4303     -3.824e-09
     0.4203     -3.861e-09
     0.4103     -3.899e-09
     0.4003     -3.908e-09
     0.3903     -3.936e-09
     0.3803     -3.908e-09
     0.3703      -3.88e-09
     0.3603     -3.908e-09
     0.3503     -3.908e-09
     0.3403     -3.861e-09
     0.3303     -3.692e-09
     0.3202     -3.504e-09
     0.3102     -3.373e-09
     0.3002     -3.119e-09
     0.2902     -2.837e-09
     0.2802     -2.546e-09
     0.2702      -2.32e-09
     0.2602     -2.151e-09
     0.2502     -1.907e-09
     0.2402     -1.672e-09
     0.2302     -1.494e-09
     0.2202     -1.428e-09
     0.2102     -1.052e-09
     0.2002     -7.422e-10
     0.1901     -5.073e-10
     0.1801     -3.758e-10
     0.1701     -2.536e-10
     0.1601      1.879e-11
     0.1501      3.194e-10
     0.1401      5.261e-10
     0.1301       7.14e-10
     0.1201      8.549e-10
     0.1101       9.77e-10
     0.1001       1.08e-09
    0.09007      1.024e-09
    0.08006      1.109e-09
    0.07005      1.268e-09
    0.06005      1.278e-09
    0.05004      1.221e-09
    0.04003      1.137e-09
    0.03002       9.77e-10
    0.02002      8.079e-10
    0.01001      6.576e-10
          0      4.321e-10
   -0.01001      2.255e-10
   -0.02002     -1.879e-11
   -0.03002     -2.161e-10
   -0.04003     -4.509e-10
   -0.05004     -5.825e-10
   -0.06005     -7.234e-10
   -0.07005     -7.328e-10
   -0.08006      -7.14e-10
   -0.09007       -6.2e-10
    -0.1001     -4.415e-10
    -0.1101     -2.443e-10
    -0.1201     -6.576e-11
    -0.1301      7.516e-11
    -0.1401      2.349e-10
    -0.1501      4.415e-10
    -0.1601      6.294e-10
    -0.1701      7.516e-10
    -0.1801      7.703e-10
    -0.1901      1.071e-09
    -0.2002      1.381e-09
    -0.2102      1.597e-09
    -0.2202       1.71e-09
    -0.2302      1.869e-09
    -0.2402       2.02e-09
    -0.2502      2.255e-09
    -0.2602       2.49e-09
    -0.2702      2.706e-09
    -0.2802      2.809e-09
    -0.2902       2.94e-09
    -0.3002      3.025e-09
    -0.3102      3.072e-09
    -0.3202      3.166e-09
    -0.3303      3.401e-09
    -0.3403      3.542e-09
    -0.3503       3.57e-09
    -0.3603      3.664e-09
    -0.3703       3.72e-09
    -0.3803       3.73e-09
    -0.3903       3.73e-09
    -0.4003      3.767e-09
    -0.4103      3.758e-09
    -0.4203      3.777e-09
    -0.4303      3.842e-09
    -0.4403      3.842e-09
    -0.4503      3.852e-09
    -0.4604      3.852e-09
    -0.4704      3.833e-09
    -0.4804      3.673e-09
    -0.4904      3.485e-09
    -0.5004       3.25e-09
    -0.4904      3.025e-09
    -0.4804      2.781e-09
    -0.4704      2.527e-09
    -0.4604      2.349e-09
    -0.4503      2.142e-09
    -0.4403      1.898e-09
    -0.4303      1.729e-09
    -0.4203      1.672e-09
    -0.4103      1.372e-09
    -0.4003      1.015e-09
    -0.3903      7.703e-10
    -0.3803      6.388e-10
    -0.3703      4.321e-10
    -0.3603      1.879e-10
    -0.3503     -5.637e-11
    -0.3403     -2.912e-10
    -0.3303     -4.603e-10
    -0.3202     -6.482e-10
    -0.3102     -7.609e-10
    -0.3002     -8.549e-10
    -0.2902     -9.207e-10
    -0.2802     -1.156e-09
    -0.2702     -1.362e-09
    -0.2602     -1.456e-09
    -0.2502     -1.512e-09
    -0.2402     -1.597e-09
    -0.2302     -1.644e-09
    -0.2202     -1.672e-09
    -0.2102     -1.719e-09
    -0.2002     -1.757e-09
    -0.1901     -1.813e-09
    -0.1801     -1.898e-09
    -0.1701     -1.907e-09
    -0.1601     -1.926e-09
    -0.1501     -1.973e-09
    -0.1401      -2.18e-09
    -0.1301      -2.33e-09
    -0.1201     -2.471e-09
    -0.1101     -2.687e-09
    -0.1001     -2.847e-09
   -0.09007     -3.016e-09
   -0.08006       -3.1e-09
   -0.07005     -3.194e-09
   -0.06005      -3.25e-09
   -0.05004     -3.344e-09
   -0.04003     -3.335e-09
   -0.03002      -3.25e-09
   -0.02002     -3.222e-09
   -0.01001     -3.373e-09
          0     -3.363e-09
