          0      3.607e-09
    0.01001      3.861e-09
    0.02002      4.115e-09
    0.03002      4.321e-09
    0.04003      4.538e-09
    0.05004      4.716e-09
    0.06005      4.857e-09
    0.07005      4.941e-09
    0.08006      5.007e-09
    0.09007      5.026e-09
     0.1001      4.923e-09
     0.1101      4.754e-09
     0.1201      4.509e-09
     0.1301      4.331e-09
     0.1401      4.152e-09
     0.1501      3.964e-09
     0.1601      3.758e-09
     0.1701      3.579e-09
     0.1801      3.532e-09
     0.1901      3.467e-09
     0.2002      3.119e-09
     0.2102      2.912e-09
     0.2202        2.8e-09
     0.2302      2.715e-09
     0.2402      2.593e-09
     0.2502      2.396e-09
     0.2602      2.217e-09
     0.2702      2.048e-09
     0.2802      1.935e-09
     0.2902      1.841e-09
     0.3002      1.794e-09
     0.3102      1.776e-09
     0.3202      1.794e-09
     0.3303      1.635e-09
     0.3403      1.503e-09
     0.3503      1.466e-09
     0.3603      1.428e-09
     0.3703      3.037e-09
     0.3803      3.012e-09
     0.3903      2.991e-09
     0.4003      2.966e-09
     0.4103       2.94e-09
     0.4203      2.924e-09
     0.4303      2.904e-09
     0.4403      2.882e-09
     0.4503      2.862e-09
     0.4604       2.84e-09
     0.4704      2.818e-09
     0.4804      2.804e-09
     0.4904      2.783e-09
     0.5004      2.767e-09
     0.4904      2.716e-09
     0.4804      2.666e-09
     0.4704      2.629e-09
     0.4604      2.581e-09
     0.4503      2.532e-09
     0.4403      2.482e-09
     0.4303      2.434e-09
     0.4203      2.381e-09
     0.4103       2.33e-09
     0.4003      2.276e-09
     0.3903      2.216e-09
     0.3803      2.163e-09
     0.3703      2.108e-09
     0.3603      2.048e-09
     0.3503      1.987e-09
     0.3403      1.922e-09
     0.3303      1.862e-09
     0.3202      1.793e-09
     0.3102       1.73e-09
     0.3002      1.668e-09
     0.2902      1.606e-09
     0.2802      1.544e-09
     0.2702      1.474e-09
     0.2602      1.414e-09
     0.2502      1.349e-09
     0.2402      1.285e-09
     0.2302      1.224e-09
     0.2202      1.165e-09
     0.2102      1.103e-09
     0.2002      1.043e-09
     0.1901      9.827e-10
     0.1801      9.235e-10
     0.1701      8.662e-10
     0.1601      8.107e-10
     0.1501       7.45e-10
     0.1401      6.858e-10
     0.1301      6.257e-10
     0.1201      5.561e-10
     0.1101      4.894e-10
     0.1001      4.181e-10
    0.09007      3.335e-10
    0.08006      2.386e-10
    0.07005      1.249e-10
    0.06005     -6.576e-12
    0.05004      -1.55e-10
    0.04003     -3.335e-10
    0.03002     -5.317e-10
    0.02002     -7.422e-10
    0.01001     -9.695e-10
          0     -1.205e-09
   -0.01001     -1.433e-09
   -0.02002     -1.651e-09
   -0.03002     -1.851e-09
   -0.04003     -2.033e-09
   -0.05004     -2.184e-09
   -0.06005     -2.309e-09
   -0.07005     -2.411e-09
   -0.08006     -2.492e-09
   -0.09007     -2.548e-09
    -0.1001     -2.585e-09
    -0.1101      -2.61e-09
    -0.1201     -2.624e-09
    -0.1301      -2.63e-09
    -0.1401     -2.629e-09
    -0.1501     -2.621e-09
    -0.1601     -2.616e-09
    -0.1701     -2.606e-09
    -0.1801     -2.593e-09
    -0.1901     -2.583e-09
    -0.2002     -2.574e-09
    -0.2102     -2.563e-09
    -0.2202     -2.546e-09
    -0.2302     -2.541e-09
    -0.2402     -2.526e-09
    -0.2502     -2.515e-09
    -0.2602     -2.497e-09
    -0.2702     -2.474e-09
    -0.2802     -2.459e-09
    -0.2902     -2.432e-09
    -0.3002     -2.411e-09
    -0.3102     -2.382e-09
    -0.3202     -2.359e-09
    -0.3303     -2.336e-09
    -0.3403     -2.302e-09
    -0.3503     -2.277e-09
    -0.3603     -2.242e-09
    -0.3703     -2.209e-09
    -0.3803      -2.18e-09
    -0.3903     -2.143e-09
    -0.4003     -2.112e-09
    -0.4103     -2.074e-09
    -0.4203     -2.033e-09
    -0.4303     -1.996e-09
    -0.4403     -1.956e-09
    -0.4503     -1.915e-09
    -0.4604     -1.873e-09
    -0.4704      -1.84e-09
    -0.4804     -1.803e-09
    -0.4904     -1.756e-09
    -0.5004     -1.717e-09
    -0.4904     -1.656e-09
    -0.4804     -1.606e-09
    -0.4704     -1.545e-09
    -0.4604     -1.499e-09
    -0.4503     -1.447e-09
    -0.4403     -1.395e-09
    -0.4303     -1.342e-09
    -0.4203     -1.299e-09
    -0.4103     -1.251e-09
    -0.4003     -1.203e-09
    -0.3903     -1.161e-09
    -0.3803     -1.116e-09
    -0.3703     -1.077e-09
    -0.3603     -1.034e-09
    -0.3503     -9.977e-10
    -0.3403     -9.629e-10
    -0.3303     -9.357e-10
    -0.3202     -9.075e-10
    -0.3102     -8.887e-10
    -0.3002     -8.652e-10
    -0.2902      -8.54e-10
    -0.2802     -8.399e-10
    -0.2702     -8.305e-10
    -0.2602     -8.173e-10
    -0.2502      -8.07e-10
    -0.2402      -8.07e-10
    -0.2302     -8.079e-10
    -0.2202      -8.07e-10
    -0.2102     -8.013e-10
    -0.2002      -8.06e-10
    -0.1901     -8.107e-10
    -0.1801     -8.154e-10
    -0.1701     -8.145e-10
    -0.1601     -8.089e-10
    -0.1501      1.644e-10
    -0.1401      1.879e-10
    -0.1301     -8.126e-10
    -0.1201     -7.769e-10
    -0.1101      -7.45e-10
    -0.1001       2.95e-10
   -0.09007      3.373e-10
   -0.08006       4.04e-10
   -0.07005     -3.091e-10
   -0.06005     -4.622e-10
   -0.05004     -3.063e-10
   -0.04003     -1.428e-10
   -0.03002       4.04e-11
   -0.02002      2.499e-10
   -0.01001      4.707e-10
          0      6.942e-10
