          0      6.473e-09
    0.01001      6.755e-09
    0.02002      7.055e-09
    0.03002      7.252e-09
    0.04003      7.487e-09
    0.05004      7.525e-09
    0.06005      7.393e-09
    0.07005      7.177e-09
    0.08006      6.971e-09
    0.09007      6.783e-09
     0.1001      6.567e-09
     0.1101      6.322e-09
     0.1201      6.116e-09
     0.1301      6.031e-09
     0.1401      5.768e-09
     0.1501      5.392e-09
     0.1601      5.092e-09
     0.1701      4.932e-09
     0.1801      4.725e-09
     0.1901      4.425e-09
     0.2002      4.087e-09
     0.2102      3.833e-09
     0.2202      3.607e-09
     0.2302      3.401e-09
     0.2402      3.279e-09
     0.2502      3.213e-09
     0.2602      2.997e-09
     0.2702      2.706e-09
     0.2802      2.536e-09
     0.2902      2.414e-09
     0.3002      2.358e-09
     0.3102      2.273e-09
     0.3202       2.17e-09
     0.3303      2.123e-09
     0.3403       2.02e-09
     0.3503      1.963e-09
     0.3603      1.898e-09
     0.3703      1.888e-09
     0.3803      1.766e-09
     0.3903        1.7e-09
     0.4003      1.588e-09
     0.4103      1.409e-09
     0.4203      1.184e-09
     0.4303      8.925e-10
     0.4403      5.731e-10
     0.4503      3.852e-10
     0.4604      1.597e-10
     0.4704     -7.516e-11
     0.4804       -3.1e-10
     0.4904     -5.731e-10
     0.5004     -6.012e-10
     0.4904     -8.737e-10
     0.4804     -1.278e-09
     0.4704     -1.512e-09
     0.4604     -1.747e-09
     0.4503     -1.945e-09
     0.4403     -2.236e-09
     0.4303     -2.583e-09
     0.4203     -2.856e-09
     0.4103     -3.063e-09
     0.4003     -3.232e-09
     0.3903     -3.391e-09
     0.3803     -3.504e-09
     0.3703     -3.579e-09
     0.3603     -3.805e-09
     0.3503     -3.983e-09
     0.3403     -4.058e-09
     0.3303     -4.143e-09
     0.3202     -4.218e-09
     0.3102     -4.274e-09
     0.3002     -4.303e-09
     0.2902     -4.312e-09
     0.2802     -4.359e-09
     0.2702      -4.34e-09
     0.2602     -4.378e-09
     0.2502     -4.303e-09
     0.2402     -4.293e-09
     0.2302     -4.284e-09
     0.2202     -4.237e-09
     0.2102     -4.124e-09
     0.2002     -3.946e-09
     0.1901     -3.701e-09
     0.1801      -3.41e-09
     0.1701     -3.081e-09
     0.1601     -2.884e-09
     0.1501     -2.593e-09
     0.1401     -2.367e-09
     0.1301     -2.133e-09
     0.1201     -1.954e-09
     0.1101     -1.926e-09
     0.1001     -1.588e-09
    0.09007     -1.268e-09
    0.08006      -1.09e-09
    0.07005     -1.005e-09
    0.06005     -9.394e-10
    0.05004     -8.079e-10
    0.04003      -6.67e-10
    0.03002     -5.825e-10
    0.02002     -5.449e-10
    0.01001     -5.918e-10
          0     -6.482e-10
   -0.01001     -7.891e-10
   -0.02002     -1.005e-09
   -0.03002      -9.77e-10
   -0.04003     -9.394e-10
   -0.05004     -9.676e-10
   -0.06005     -1.024e-09
   -0.07005     -1.062e-09
   -0.08006     -1.071e-09
   -0.09007     -1.109e-09
    -0.1001      -1.08e-09
    -0.1101     -1.118e-09
    -0.1201      -1.08e-09
    -0.1301     -1.118e-09
    -0.1401     -1.127e-09
    -0.1501     -1.127e-09
    -0.1601     -1.118e-09
    -0.1701     -1.109e-09
    -0.1801     -1.099e-09
    -0.1901     -1.062e-09
    -0.2002     -8.737e-10
    -0.2102       -6.2e-10
    -0.2202     -3.476e-10
    -0.2302     -1.221e-10
    -0.2402      4.697e-11
    -0.2502      2.067e-10
    -0.2602      4.509e-10
    -0.2702      6.858e-10
    -0.2802      7.985e-10
    -0.2902      8.079e-10
    -0.3002      1.137e-09
    -0.3102      1.428e-09
    -0.3202        1.7e-09
    -0.3303      1.823e-09
    -0.3403      1.982e-09
    -0.3503       2.18e-09
    -0.3603      2.443e-09
    -0.3703       2.64e-09
    -0.3803      2.856e-09
    -0.3903      3.034e-09
    -0.4003      3.166e-09
    -0.4103      3.297e-09
    -0.4203      3.326e-09
    -0.4303      3.382e-09
    -0.4403      3.626e-09
    -0.4503      3.777e-09
    -0.4604      3.842e-09
    -0.4704      3.917e-09
    -0.4804      3.964e-09
    -0.4904      3.955e-09
    -0.5004      4.002e-09
    -0.4904      3.983e-09
    -0.4804      4.011e-09
    -0.4704      4.021e-09
    -0.4604      4.105e-09
    -0.4503      4.143e-09
    -0.4403      4.152e-09
    -0.4303      4.171e-09
    -0.4203      4.171e-09
    -0.4103      4.199e-09
    -0.4003      4.162e-09
    -0.3903      4.058e-09
    -0.3803      3.824e-09
    -0.3703      3.542e-09
    -0.3603      3.316e-09
    -0.3503        3.1e-09
    -0.3403      2.856e-09
    -0.3303      2.677e-09
    -0.3202      2.461e-09
    -0.3102      2.198e-09
    -0.3002      2.123e-09
    -0.2902      2.086e-09
    -0.2802      1.729e-09
    -0.2702      1.419e-09
    -0.2602      1.109e-09
    -0.2502       9.77e-10
    -0.2402      8.643e-10
    -0.2302      6.858e-10
    -0.2202      4.321e-10
    -0.2102      1.221e-10
    -0.2002     -8.455e-11
    -0.1901      -2.63e-10
    -0.1801     -4.603e-10
    -0.1701     -5.825e-10
    -0.1601     -6.952e-10
    -0.1501     -7.234e-10
    -0.1401     -8.079e-10
    -0.1301     -1.024e-09
    -0.1201     -1.174e-09
    -0.1101     -1.231e-09
    -0.1001     -1.231e-09
   -0.09007      -1.24e-09
   -0.08006     -1.231e-09
   -0.07005     -1.184e-09
   -0.06005      -1.09e-09
   -0.05004      -1.09e-09
   -0.04003     -9.394e-10
   -0.03002     -8.267e-10
   -0.02002     -6.764e-10
   -0.01001     -4.697e-10
          0     -3.006e-10
