          0     -1.823e-09
    0.01001     -1.841e-09
    0.02002     -1.945e-09
    0.03002     -2.039e-09
    0.04003     -1.898e-09
    0.05004     -2.029e-09
    0.06005     -2.273e-09
    0.07005     -2.367e-09
    0.08006     -2.424e-09
    0.09007     -2.602e-09
     0.1001     -2.837e-09
     0.1101      -3.11e-09
     0.1201     -3.307e-09
     0.1301     -3.438e-09
     0.1401      -3.56e-09
     0.1501     -3.664e-09
     0.1601     -3.692e-09
     0.1701     -3.955e-09
     0.1801     -4.134e-09
     0.1901     -4.171e-09
     0.2002     -4.274e-09
     0.2102     -4.321e-09
     0.2202     -4.274e-09
     0.2302     -4.227e-09
     0.2402     -4.218e-09
     0.2502      -4.19e-09
     0.2602     -4.162e-09
     0.2702     -4.143e-09
     0.2802     -4.068e-09
     0.2902     -4.058e-09
     0.3002      -3.87e-09
     0.3102     -3.607e-09
     0.3202     -3.269e-09
     0.3303     -2.884e-09
     0.3403     -2.602e-09
     0.3503     -2.264e-09
     0.3603     -1.879e-09
     0.3703     -1.682e-09
     0.3803     -1.484e-09
     0.3903     -1.268e-09
     0.4003     -7.609e-10
     0.4103     -3.664e-10
     0.4203     -1.409e-10
     0.4303      8.455e-11
     0.4403      4.321e-10
     0.4503      8.455e-10
     0.4604      1.024e-09
     0.4704      1.315e-09
     0.4804      1.503e-09
     0.4904      1.738e-09
     0.5004      1.813e-09
     0.4904      2.123e-09
     0.4804      2.377e-09
     0.4704      2.508e-09
     0.4604      2.602e-09
     0.4503      2.762e-09
     0.4403      2.762e-09
     0.4303      2.743e-09
     0.4203      2.837e-09
     0.4103      2.828e-09
     0.4003      2.893e-09
     0.3903      2.903e-09
     0.3803      2.931e-09
     0.3703      2.987e-09
     0.3603      3.025e-09
     0.3503      3.157e-09
     0.3403       3.42e-09
     0.3303      3.767e-09
     0.3202      4.002e-09
     0.3102      4.218e-09
     0.3002      4.491e-09
     0.2902      4.754e-09
     0.2802      5.007e-09
     0.2702       5.12e-09
     0.2602      5.392e-09
     0.2502      5.796e-09
     0.2402      6.031e-09
     0.2302      6.191e-09
     0.2202      6.435e-09
     0.2102      6.736e-09
     0.2002      6.999e-09
     0.1901      7.215e-09
     0.1801      6.275e-09
     0.1701      6.153e-09
     0.1601      5.956e-09
     0.1501      5.618e-09
     0.1401      5.702e-09
     0.1301        5.9e-09
     0.1201       5.74e-09
     0.1101      5.627e-09
     0.1001       5.58e-09
    0.09007      5.515e-09
    0.08006      5.383e-09
    0.07005       5.28e-09
    0.06005      7.863e-09
    0.05004      7.769e-09
    0.04003      7.572e-09
    0.03002      7.356e-09
    0.02002      7.112e-09
    0.01001       6.82e-09
          0      6.539e-09
   -0.01001      6.153e-09
   -0.02002      5.637e-09
   -0.03002      5.026e-09
   -0.04003      4.481e-09
   -0.05004      4.021e-09
   -0.06005      3.607e-09
   -0.07005      3.166e-09
   -0.08006      2.809e-09
   -0.09007      3.514e-09
    -0.1001       2.33e-09
    -0.1101      1.785e-09
    -0.1201        1.4e-09
    -0.1301      1.202e-09
    -0.1401      9.864e-10
    -0.1501      7.985e-10
    -0.1601      4.321e-10
    -0.1701      1.033e-10
    -0.1801     -1.409e-10
    -0.1901     -3.946e-10
    -0.2002     -6.388e-10
    -0.2102     -7.985e-10
    -0.2202     -8.267e-10
    -0.2302     -3.119e-09
    -0.2402     -2.621e-09
    -0.2502     -2.527e-09
    -0.2602     -2.452e-09
    -0.2702      -2.18e-09
    -0.2802      -2.48e-09
    -0.2902     -2.508e-09
    -0.3002     -2.536e-09
    -0.3102     -2.189e-09
    -0.3202     -2.367e-09
    -0.3303     -2.696e-09
    -0.3403     -2.668e-09
    -0.3503     -2.884e-09
    -0.3603     -3.006e-09
    -0.3703     -3.044e-09
    -0.3803     -2.875e-09
    -0.3903     -2.931e-09
    -0.4003       -3.1e-09
    -0.4103     -3.316e-09
    -0.4203     -3.448e-09
    -0.4303     -3.626e-09
    -0.4403     -3.654e-09
    -0.4503     -3.777e-09
    -0.4604     -3.955e-09
    -0.4704     -4.237e-09
    -0.4804      -4.34e-09
    -0.4904     -4.688e-09
    -0.5004     -4.932e-09
    -0.4904     -5.064e-09
    -0.4804     -5.101e-09
    -0.4704     -5.082e-09
    -0.4604     -5.129e-09
    -0.4503     -5.195e-09
    -0.4403     -5.298e-09
    -0.4303     -5.364e-09
    -0.4203     -5.383e-09
    -0.4103     -5.392e-09
    -0.4003     -5.317e-09
    -0.3903     -5.176e-09
    -0.3803     -5.233e-09
    -0.3703     -5.327e-09
    -0.3603     -5.355e-09
    -0.3503     -5.355e-09
    -0.3403     -5.374e-09
    -0.3303     -5.374e-09
    -0.3202     -5.336e-09
    -0.3102      -5.28e-09
    -0.3002     -5.214e-09
    -0.2902     -5.186e-09
    -0.2802     -5.129e-09
    -0.2702     -5.111e-09
    -0.2602     -5.064e-09
    -0.2502     -5.045e-09
    -0.2402     -4.979e-09
    -0.2302     -4.941e-09
    -0.2202     -4.923e-09
    -0.2102     -4.894e-09
    -0.2002     -4.763e-09
    -0.1901     -4.556e-09
    -0.1801     -4.368e-09
    -0.1701     -4.162e-09
    -0.1601     -3.946e-09
    -0.1501      -3.72e-09
    -0.1401     -3.532e-09
    -0.1301     -3.307e-09
    -0.1201     -3.063e-09
    -0.1101     -2.828e-09
    -0.1001     -2.696e-09
   -0.09007     -2.593e-09
   -0.08006     -2.226e-09
   -0.07005      -1.86e-09
   -0.06005     -1.559e-09
   -0.05004     -1.343e-09
   -0.04003      -1.08e-09
   -0.03002     -7.422e-10
   -0.02002     -3.382e-10
   -0.01001      1.033e-10
          0     -1.125e-09
