          0      4.096e-10
    0.01001      6.275e-10
    0.02002      8.389e-10
    0.03002      1.028e-09
    0.04003      1.205e-09
    0.05004      1.355e-09
    0.06005      1.467e-09
    0.07005      1.561e-09
    0.08006      1.634e-09
    0.09007      1.676e-09
     0.1001        1.7e-09
     0.1101      1.717e-09
     0.1201      1.714e-09
     0.1301      1.708e-09
     0.1401      1.689e-09
     0.1501      1.666e-09
     0.1601      1.637e-09
     0.1701      1.604e-09
     0.1801      1.572e-09
     0.1901      1.539e-09
     0.2002      1.505e-09
     0.2102      1.469e-09
     0.2202      1.433e-09
     0.2302        1.4e-09
     0.2402      1.361e-09
     0.2502      1.322e-09
     0.2602      1.292e-09
     0.2702      1.255e-09
     0.2802       1.23e-09
     0.2902      1.192e-09
     0.3002      1.167e-09
     0.3102      1.137e-09
     0.3202      1.108e-09
     0.3303      1.087e-09
     0.3403      1.056e-09
     0.3503      1.031e-09
     0.3603      1.006e-09
     0.3703      9.949e-10
     0.3803      9.883e-10
     0.3903      9.845e-10
     0.4003      9.827e-10
     0.4103      9.836e-10
     0.4203      9.808e-10
     0.4303      9.911e-10
     0.4403      9.996e-10
     0.4503      1.008e-09
     0.4604      1.028e-09
     0.4704      1.045e-09
     0.4804      1.068e-09
     0.4904      1.087e-09
     0.5004      1.108e-09
     0.4904      1.121e-09
     0.4804      1.132e-09
     0.4704      1.151e-09
     0.4604      1.169e-09
     0.4503      1.189e-09
     0.4403      1.205e-09
     0.4303      1.228e-09
     0.4203      1.246e-09
     0.4103      1.262e-09
     0.4003      1.289e-09
     0.3903      1.312e-09
     0.3803      1.332e-09
     0.3703      1.353e-09
     0.3603      1.376e-09
     0.3503      1.397e-09
     0.3403      1.416e-09
     0.3303      1.432e-09
     0.3202      1.455e-09
     0.3102      1.469e-09
     0.3002      1.485e-09
     0.2902      1.501e-09
     0.2802      1.513e-09
     0.2702      1.527e-09
     0.2602      1.537e-09
     0.2502      1.543e-09
     0.2402      1.556e-09
     0.2302      1.562e-09
     0.2202      1.578e-09
     0.2102      1.593e-09
     0.2002      1.611e-09
     0.1901      1.627e-09
     0.1801      1.638e-09
     0.1701      1.653e-09
     0.1601       1.67e-09
     0.1501      1.684e-09
     0.1401      1.688e-09
     0.1301      1.689e-09
     0.1201      1.691e-09
     0.1101      1.683e-09
     0.1001      1.666e-09
    0.09007      1.633e-09
    0.08006      1.583e-09
    0.07005      1.515e-09
    0.06005      1.429e-09
    0.05004      1.312e-09
    0.04003      1.174e-09
    0.03002      1.006e-09
    0.02002      8.192e-10
    0.01001      6.144e-10
          0       4.04e-10
   -0.01001      1.888e-10
   -0.02002     -1.315e-11
   -0.03002     -2.029e-10
   -0.04003     -3.739e-10
   -0.05004     -5.195e-10
   -0.06005     -6.379e-10
   -0.07005     -7.309e-10
   -0.08006     -8.013e-10
   -0.09007      -8.54e-10
    -0.1001     -8.906e-10
    -0.1101     -9.122e-10
    -0.1201     -9.244e-10
    -0.1301     -9.282e-10
    -0.1401     -9.282e-10
    -0.1501     -9.244e-10
    -0.1601      -9.16e-10
    -0.1701     -9.084e-10
    -0.1801     -8.953e-10
    -0.1901     -8.897e-10
    -0.2002      -8.84e-10
    -0.2102     -8.784e-10
    -0.2202     -8.812e-10
    -0.2302     -8.821e-10
    -0.2402     -8.868e-10
    -0.2502     -8.925e-10
    -0.2602     -9.131e-10
    -0.2702     -9.188e-10
    -0.2802     -9.338e-10
    -0.2902     -9.517e-10
    -0.3002     -9.733e-10
    -0.3102     -9.986e-10
    -0.3202     -1.025e-09
    -0.3303     -1.047e-09
    -0.3403     -1.076e-09
    -0.3503     -1.104e-09
    -0.3603     -1.138e-09
    -0.3703     -1.173e-09
    -0.3803     -1.202e-09
    -0.3903     -1.239e-09
    -0.4003     -1.268e-09
    -0.4103     -1.303e-09
    -0.4203     -1.334e-09
    -0.4303      -1.37e-09
    -0.4403     -1.412e-09
    -0.4503     -1.431e-09
    -0.4604     -1.467e-09
    -0.4704     -1.514e-09
    -0.4804     -1.561e-09
    -0.4904     -1.682e-09
    -0.5004     -1.612e-09
    -0.4904     -1.648e-09
    -0.4804     -5.759e-10
    -0.4704     -6.228e-10
    -0.4604     -6.106e-10
    -0.4503     -6.313e-10
    -0.4403     -6.632e-10
    -0.4303     -1.092e-09
    -0.4203     -1.758e-09
    -0.4103     -1.776e-09
    -0.4003     -1.803e-09
    -0.3903     -1.823e-09
    -0.3803     -1.844e-09
    -0.3703     -1.871e-09
    -0.3603     -1.892e-09
    -0.3503     -1.913e-09
    -0.3403     -1.942e-09
    -0.3303      -1.97e-09
    -0.3202     -1.993e-09
    -0.3102     -2.025e-09
    -0.3002     -2.055e-09
    -0.2902     -2.082e-09
    -0.2802     -2.114e-09
    -0.2702     -2.147e-09
    -0.2602     -2.175e-09
    -0.2502     -2.208e-09
    -0.2402     -2.242e-09
    -0.2302     -2.274e-09
    -0.2202     -2.305e-09
    -0.2102     -2.339e-09
    -0.2002     -2.366e-09
    -0.1901     -2.393e-09
    -0.1801     -2.423e-09
    -0.1701     -2.447e-09
    -0.1601     -2.473e-09
    -0.1501     -2.499e-09
    -0.1401     -2.513e-09
    -0.1301     -2.522e-09
    -0.1201     -2.523e-09
    -0.1101     -2.511e-09
    -0.1001     -2.492e-09
   -0.09007     -2.457e-09
   -0.08006       -2.4e-09
   -0.07005     -2.325e-09
   -0.06005     -2.223e-09
   -0.05004     -2.099e-09
   -0.04003     -1.941e-09
   -0.03002     -1.764e-09
   -0.02002     -1.559e-09
   -0.01001     -2.381e-09
          0     -1.837e-09
